SIN INT

tmp->fd is 3 
a5 
20 0 0 0 0 3 1a 3 72 
a5 
20 1 
0 0 0 3 1a 3 73 
a5 
20 2 0 0 0 3 18 3 
73 
a5 
20 3 0 0 0 3 18 3 73 
a5 
20 4 0 0 0 3 
18 3 73 
a5 
20 5 0 0 0 3 18 3 73 
a5 
20 6 0 
0 0 3 18 3 73 
a5 
20 7 0 0 0 3 19 3 73 
a5 
20 
8 0 0 0 3 19 3 73 
a5 
20 9 0 0 0 3 19 
3 73 
a5 
20 a 0 0 0 3 19 3 73 
a5 
20 b 0 0 0 
3 19 3 73 
a5 
20 c 0 0 0 3 19 3 73 
a5 
20 a 
0 0 0 3 19 3 73 
a5 
20 e 0 0 0 3 19 3 
73 
a5 
20 f 0 0 0 3 19 3 73 
a5 
20 10 0 0 0 3 
1a 3 73 
a5 
20 11 0 0 0 3 19 3 73 
a5 
20 12 0 0 
0 3 1a 3 73 
a5 
20 13 0 0 0 3 18 3 73 
a5 
20 
14 0 0 0 3 18 3 73 
a5 
20 15 0 0 0 3 18 
3 73 
a5 
20 16 0 0 0 3 18 3 73 
a5 
20 17 0 0 0 
3 18 3 73 
a5 
20 18 0 0 0 3 18 3 73 
a5 
20 19 
0 0 0 3 18 3 73 
a5 
20 1a 0 0 0 3 18 3 73 
a5 
20 1b 0 0 0 3 19 3 73 
a5 
20 1c 0 0 0 3 
19 3 72 
a5 
20 1d 0 0 0 3 19 3 72 
a5 
20 1e 0 0 
0 3 19 3 73 
a5 
20 1f 0 0 0 3 19 3 73 
a5 
20 
20 0 0 0 3 17 3 73 
a5 
20 21 0 0 0 3 17 
3 72 
a5 
20 22 0 0 0 3 17 3 73 
a5 
20 23 0 0 0 
3 17 3 73 
a5 
20 24 0 0 0 3 17 3 73 
Release with ret 0 
Exiting... 
